# Stereo camera (manual) calibration report
# Generated by kinect-stereo-calib - MRPT at Mon Mar 27 16:43:54 2017
# (This file is loadable from rawlog-edit and other MRPT tools)
# ---------------------------------------------------------------------

# Left camera (IR/Depth in Kinect) calibration parameters:
[CAMERA_PARAMS_LEFT]
resolution = [640 488]
cx         = 310.719166
cy         = 254.010467
fx         = 579.924378
fy         = 514.351960
dist       = [-7.916245e-02 6.774036e-02 0.000000e+00 0.000000e+00 0.000000e+00]    // The order is: [K1 K2 T1 T2 K3]

# Right camera (RGB in Kinect) calibration parameters:
[CAMERA_PARAMS_RIGHT]
resolution = [640 480]
cx         = 329.011429
cy         = 248.181066
fx         = 524.878993
fy         = 467.519960
dist       = [5.434049e-02 -1.298192e-01 0.000000e+00 0.000000e+00 0.000000e+00]    // The order is: [K1 K2 T1 T2 K3]

# Relative pose of the right camera wrt to the left camera:
# This assumes that both camera frames are such that +Z points
# forwards, and +X and +Y to the right and downwards.
[CAMERA_PARAMS_LEFT2RIGHT_POSE]
translation_only     = [2.335700e-02 -2.123000e-03 -3.195000e-03]
rotation_matrix_only = [9.9969613677043e-01 9.7633165808671e-03 2.2634305282602e-02 ;-9.3120691719018e-03 9.9975747558513e-01 -1.9956837910291e-02 ;-2.2823660837429e-02 1.9740001544622e-02 9.9954460272916e-01 ]
pose_yaw_pitch_roll  = [0.023357 -0.002123 -0.003195 -0.533689 1.307813 1.131387]  // (YPR in degrees)
pose_quaternion      = [0.023357 -0.002123 -0.003195 0.999875 0.009925 0.011366 -0.004769]

